0.000000000000000
0.000000000000000
0.000000000000000
0.000000000000001
0.000000000000021
0.000000000000419
0.000000000008423
0.000000000169190
0.000000003398268
0.000000068256029
0.000001370957207
0.000027535691115
0.000552778636924
0.010986942630592
0.182425523806335
0.817574476193224
0.989013057360983
0.999447221193887
0.999972460910618
0.999998560786764
0.999998560786764
0.999972460910618
0.999447221193887
0.989013057360983
0.817574476193224
0.182425523806337
0.010986942630592
0.000552778636924
0.000027535691115
0.000001370957207
0.000000068256029
0.000000003398268
0.000000000169190
0.000000000008423
0.000000000000419
0.000000000000021
0.000000000000001
0.000000000000000
0.000000000000000
0.000000000000000
