0.000000000000849
0.000000000016847
0.000000000338380
0.000000006796536
0.000000136512058
0.000002741914414
0.000055071382229
0.001105557273847
0.021973885261185
0.364851047612681
1.000000000000000
1.000000000000000
1.000000000000000
1.000000000000000
1.000000000000000
1.000000000000000
1.000000000000000
1.000000000000000
1.000000000000000
1.000000000000000
0.773638285709286
0.516480413941676
0.500829167870790
0.500041301837538
0.500002022307796
0.499999416905440
0.499986237251844
0.499723610935323
0.494506528697339
0.408787238097452
0.091212761903209
0.005493471315298
0.000276389318462
0.000013767845557
0.000000685478603
0.000000034128015
0.000000001699134
0.000000000084595
0.000000000004214
0.000000000000251
