-1.000000000000000
-1.000000000000000
-0.999999999999992
-0.999999999999846
-0.999999999996901
-0.999999999937759
-0.999999998749847
-0.999999974890009
-0.999999495652592
-0.999989870009019
-0.999796573021945
-0.995929862284104
-0.924141819978755
-0.377540668798145
-0.029312230751356
-0.001501182256734
-0.000074846227454
-0.000003726638144
-0.000000185516205
-0.000000008777544
0.000000008777544
0.000000185516205
0.000003726638144
0.000074846227454
0.001501182256734
0.029312230751356
0.377540668798147
0.924141819978756
0.995929862284104
0.999796573021945
0.999989870009019
0.999999495652592
0.999999974890009
0.999999998749847
0.999999999937759
0.999999999996901
0.999999999999846
0.999999999999992
1.000000000000000
1.000000000000000
1.000000000000000
1.000000000000000
0.999999999999992
0.999999999999846
0.999999999996901
0.999999999937759
0.999999998749847
0.999999974890009
0.999999495652592
0.999989870009019
0.999796573021945
0.995929862284104
0.924141819978756
0.377540668798147
0.029312230751356
0.001501182256734
0.000074846227454
0.000003726638144
0.000000185516205
0.000000008777544
-0.000000008777544
-0.000000185516205
-0.000003726638144
-0.000074846227454
-0.001501182256734
-0.029312230751356
-0.377540668798145
-0.924141819978755
-0.995929862284104
-0.999796573021945
-0.999989870009019
-0.999999495652592
-0.999999974890009
-0.999999998749847
-0.999999999937759
-0.999999999996901
-0.999999999999846
-0.999999999999992
-1.000000000000000
-1.000000000000000
