-0.999999990302645
-0.999999814438001
-0.999996273359576
-0.999925153772433
-0.998498817743260
-0.970687769248644
-0.622459331201851
-0.075858180021244
-0.004070137715896
-0.000203426978055
-0.000010129990981
-0.000000504347408
-0.000000025109991
-0.000000001250153
-0.000000000062241
-0.000000000003099
-0.000000000000154
-0.000000000000008
-0.000000000000000
0.000000000000000
0.000000000000000
0.000000000000000
0.000000000000008
0.000000000000154
0.000000000003099
0.000000000062241
0.000000001250153
0.000000025109991
0.000000504347408
0.000010129990981
0.000203426978055
0.004070137715896
0.075858180021244
0.622459331201852
0.970687769248644
0.998498817743260
0.999925153772433
0.999996273359576
0.999999814438001
0.999999990302645
0.999999990302645
0.999999814438001
0.999996273359576
0.999925153772433
0.998498817743260
0.970687769248644
0.622459331201852
0.075858180021244
0.004070137715896
0.000203426978055
0.000010129990981
0.000000504347408
0.000000025109991
0.000000001250153
0.000000000062241
0.000000000003099
0.000000000000154
0.000000000000008
0.000000000000000
0.000000000000000
0.000000000000000
-0.000000000000000
-0.000000000000008
-0.000000000000154
-0.000000000003099
-0.000000000062241
-0.000000001250153
-0.000000025109991
-0.000000504347408
-0.000010129990981
-0.000203426978055
-0.004070137715896
-0.075858180021244
-0.622459331201851
-0.970687769248644
-0.998498817743260
-0.999925153772433
-0.999996273359576
-0.999999814438001
-0.999999990302645
