0.000000000000000
0.000000000000000
0.000000000000000
0.000000000000000
0.000000000000000
0.000000000000006
0.000000000000113
0.000000000002280
0.000000000045795
0.000000000919811
0.000000018474899
0.000000371078204
0.000007453278568
0.000149692455021
0.003002364513465
0.058624461499063
0.755081336652322
1.848283593547124
1.991858719978918
1.999572890183355
1.999572890183355
1.991858719978918
1.848283593547127
0.755081336652322
0.058624461499064
0.003002364513465
0.000149692455021
0.000007453278568
0.000000371078204
0.000000018474899
0.000000000919811
0.000000000045795
0.000000000002280
0.000000000000113
0.000000000000006
0.000000000000000
0.000000000000000
0.000000000000000
0.000000000000000
0.000000000000000
0.000000000000000
0.000000000000000
0.000000000000000
0.000000000000000
0.000000000000001
0.000000000000011
0.000000000000227
0.000000000004560
0.000000000091589
0.000000001839622
0.000000036949798
0.000000742156338
0.000014906529346
0.000299373705818
0.006000221924405
0.115530509134158
1.225088758911596
1.988491019307140
1.999965855174316
1.999979653132421
1.999593141718109
1.991859720478885
1.848283636436903
0.755081337008712
0.058624461499170
0.003002364513465
0.000149692455021
0.000007453278568
0.000000371078204
0.000000018474899
0.000000000919811
0.000000000045795
0.000000000002280
0.000000000000113
0.000000000000006
0.000000000000000
0.000000000000000
0.000000000000000
0.000000000000000
0.000000000000000
