0.000000037869609
0.000000742202133
0.000014906531641
0.000299373706240
0.006000221930618
0.115530509262184
1.225088761999488
1.988491073047729
1.999966867957947
1.999999917234929
1.999999999794767
1.999999999999491
1.999999999999999
2.000000000000000
2.000000000000000
2.000000000000000
2.000000000000000
2.000000000000000
2.000000000000000
2.000000000000000
2.000000000000000
2.000000000000000
2.000000000000000
2.000000000000000
2.000000000000000
2.000000000000000
2.000000000000000
1.999999999999999
1.999999999999491
1.999999999794767
1.999999917234929
1.999966867957947
1.988491073047729
1.225088761999482
0.115530509262183
0.006000221930624
0.000299373706354
0.000014906533921
0.000000742247928
0.000000038789420
0.000000038789420
0.000000742247928
0.000014906533921
0.000299373706354
0.006000221930624
0.115530509262184
1.225088761999486
1.988491073047729
1.999966867957947
1.999999917234929
1.999999999794767
1.999999999999491
1.999999999999999
2.000000000000000
2.000000000000000
2.000000000000000
2.000000000000000
2.000000000000000
2.000000000000000
2.000000000000000
2.000000000000000
1.999999999999999
1.999999999999985
1.999999999999691
1.999999999993802
1.999999999875517
1.999999997499694
1.999999949780018
1.999998991305183
1.999979740018038
1.999593146043890
1.991859724568208
1.848283639957513
0.755081337596297
0.058624461502713
0.003002364513485
0.000149692455248
0.000007453283128
0.000000371169793
0.000000020314521
