3.005284072369935
3.934440482941544
3.996684244871123
3.999834788127956
3.999991774262397
3.999999590463840
3.999999979610393
3.999999998984862
3.999999999949456
3.999999999997421
3.999999999997421
3.999999999949456
3.999999998984862
3.999999979610393
3.999999590463840
3.999991774262397
3.999834788127956
3.996684244871123
3.934440482941544
3.005284072369935
1.099837215208070
1.000362138725104
1.000000916692664
1.000000002274643
1.000000000005639
1.000000000000014
1.000000000000000
1.000000000000000
1.000000000000000
1.000000000000000
1.000000000000000
1.000000000000000
1.000000000000000
1.000000000000000
1.000000000000014
1.000000000005639
1.000000002274643
1.000000916692664
1.000362138725104
1.099837215208069
