0.817574476653109
0.989013057383880
0.999447221195026
0.999972460910674
0.999998560786767
0.999998560786764
0.999972460910618
0.999447221193887
0.989013057360983
0.817574476193224
0.182425523806335
0.010986942630592
0.000552778636924
0.000027535691115
0.000001370957207
0.000000068256029
0.000000003398268
0.000000000169190
0.000000000008425
0.000000000000440
0.000000000000440
0.000000000008424
0.000000000169182
0.000000003398114
0.000000068252930
0.000001370894965
0.000027534440962
0.000552753526933
0.010986438283185
0.182415393815374
0.817371049215590
0.984942919653511
0.923589041341832
0.377513133107032
0.029310859794149
0.001501114000708
0.000074842829243
0.000003726470094
0.000000185530678
0.000000009237030
