-0.817574476193202
-0.989013057360982
-0.999447221193887
-0.999972460910618
-0.999998560786764
-0.999998560786764
-0.999972460910618
-0.999447221193887
-0.989013057360982
-0.817574476193202
-0.182425523805917
-0.010986942622169
-0.000552778467734
-0.000027532292847
-0.000001302701178
0.000001302701178
0.000027532292847
0.000552778467734
0.010986942622169
0.182425523805916
0.817574476193203
0.989013057360982
0.999447221193887
0.999972460910618
0.999998560786764
0.999998560786764
0.999972460910618
0.999447221193887
0.989013057360982
0.817574476193205
0.182425523805915
0.010986942622169
0.000552778467734
0.000027532292847
0.000001302701178
-0.000001302701178
-0.000027532292847
-0.000552778467734
-0.010986942622169
-0.182425523805915
