0.000000000000430
0.000000000008424
0.000000000169190
0.000000003398268
0.000000068256029
0.000001370957207
0.000027535691115
0.000552778636924
0.010986942630593
0.182425523806346
0.817574476193434
0.989013057365195
0.999447221278482
0.999972462609751
0.999998594914779
0.999999246265368
0.999986228756175
0.999723610512348
0.994506528676279
0.908787238096392
0.591212761902949
0.505493471311084
0.500276389233867
0.500013766146423
0.500000651350589
0.499999348649411
0.499986233853577
0.499723610766133
0.494506528688915
0.408787238097032
0.091212761903188
0.005493471315297
0.000276389318462
0.000013767845557
0.000000685478603
0.000000034128015
0.000000001699134
0.000000000084595
0.000000000004213
0.000000000000231
