0.999999999999140
0.999999999983152
0.999999999661620
0.999999993203464
0.999999863487942
0.999997258085586
0.999944928617771
0.998894442726153
0.978026114738814
0.635148952387289
-0.635148952387289
-0.978026114738814
-0.998894442726153
-0.999944928617771
-0.999997258085586
-0.999999863487942
-0.999999993203464
-0.999999999661620
-0.999999999983152
-0.999999999999140
-0.999999999999140
-0.999999999983152
-0.999999999661620
-0.999999993203464
-0.999999863487942
-0.999997258085586
-0.999944928617771
-0.998894442726153
-0.978026114738813
-0.635148952387290
0.635148952387290
0.978026114738813
0.998894442726153
0.999944928617771
0.999997258085586
0.999999863487942
0.999999993203464
0.999999999661620
0.999999999983152
0.999999999999140
