0.000000000001682
0.000000000033694
0.000000000676759
0.000000013593071
0.000000273024116
0.000005483828827
0.000110142764458
0.002211114547694
0.043947770522369
0.729702095225346
1.000000000000000
1.000000000000000
1.000000000000000
1.000000000000000
1.000000000000000
1.000000000000000
1.000000000000000
1.000000000000000
1.000000000000000
1.000000000000000
0.893216990463992
0.241750381994565
0.202100558786472
0.200104634946582
0.200005195986180
0.199999985181469
0.199994505775195
0.199889444915536
0.197802611505891
0.163514895240323
0.036485104761350
0.002197388526123
0.000110555727385
0.000005507138223
0.000000274191441
0.000000013651206
0.000000000679654
0.000000000033838
0.000000000001689
0.000000000000167
