0.000001439213236
0.000027539089382
0.000552778806113
0.010986942639016
0.182425523806756
0.817574476193244
0.989013057360985
0.999447221193887
0.999972460910618
0.999998560786764
0.999998560786764
0.999972460910618
0.999447221193887
0.989013057360985
0.817574476193244
0.182425523806756
0.010986942639016
0.000552778806113
0.000027539089382
0.000001439213236
0.000001439213236
0.000027539089382
0.000552778806113
0.010986942639016
0.182425523806755
0.817574476193244
0.989013057360985
0.999447221193887
0.999972460910618
0.999998560786764
0.999998560786764
0.999972460910618
0.999447221193887
0.989013057360985
0.817574476193244
0.182425523806756
0.010986942639016
0.000552778806113
0.000027539089382
0.000001439213236
