0.427626708580051
0.306469314179238
0.277629465929482
0.113281474373071
0.008794628833210
0.000450402453143
0.000022456246886
0.000001118110210
0.000000055667627
0.000000002771528
0.000000000137986
0.000000000006870
0.000000000000342
0.000000000000017
0.000000000000001
0.000000000000000
0.000000000000000
0.000000000000000
0.000000000000000
0.000000000000000
0.000000000000000
0.000000000000000
0.000000000000000
0.000000000000000
0.000000000000000
0.000000000000003
0.000000000000057
0.000000000001140
0.000000000022897
0.000000000459891
0.000000009237156
0.000000185533205
0.000003726520849
0.000074843848677
0.001501134476587
0.029311271062639
0.377521393439321
0.923754867399912
0.988238851138466
0.872095667360202
