3.999999999997483
3.999999999949459
3.999999998984861
3.999999979610393
3.999999590463826
3.999991774256759
3.999834785853313
3.996683328178459
3.934078344216441
2.905446857161862
-0.905446857161862
-1.934078344216441
-1.996683328178458
-1.999834785853313
-1.999991774256759
-1.999999590463826
-1.999999979610393
-1.999999998984861
-1.999999999949452
-1.999999999997358
-1.999999999997358
-1.999999999949452
-1.999999998984861
-1.999999979610393
-1.999999590463826
-1.999991774256759
-1.999834785853313
-1.996683328178458
-1.934078344216440
-0.905446857161870
2.905446857161870
3.934078344216440
3.996683328178459
3.999834785853313
3.999991774256759
3.999999590463826
3.999999979610393
3.999999998984861
3.999999999949459
3.999999999997483
