0.788262245442706
0.611472388579684
0.075305401553511
0.004042605423049
0.000202124276877
0.000011432692159
0.000028036640255
0.000552803577725
0.010986943872321
0.182425523868159
0.817574476196301
0.989013057361137
0.999447221193894
0.999972460910618
0.999998560786764
0.999998560786764
0.999972460910618
0.999447221193887
0.989013057360983
0.817574476193223
0.182425523806337
0.010986942630592
0.000552778636924
0.000027535691115
0.000001370957207
0.000000068256029
0.000000003398268
0.000000000169190
0.000000000008425
0.000000000000440
0.000000000000437
0.000000000008368
0.000000000168050
0.000000003375370
0.000000067796124
0.000001361719757
0.000027350152013
0.000549051997639
0.010912096403084
0.180924341549639
