0.000000000000399
0.000000000008422
0.000000000169190
0.000000003398268
0.000000068256029
0.000001370957207
0.000027535691115
0.000552778636923
0.010986942630591
0.182425523806315
0.817574476192805
0.989013057352560
0.999447221024697
0.999972457512350
0.999998492530735
0.999997189829557
0.999944925219503
0.998894442556963
0.978026114730391
0.635148952386889
-0.635148952386887
-0.978026114730391
-0.998894442556963
-0.999944925219503
-0.999997189829557
-0.999998492530735
-0.999972457512350
-0.999447221024697
-0.989013057352560
-0.817574476192806
-0.182425523806313
-0.010986942630591
-0.000552778636923
-0.000027535691115
-0.000001370957207
-0.000000068256029
-0.000000003398268
-0.000000000169190
-0.000000000008422
-0.000000000000399
