-0.000213556968596
-0.004070642054880
-0.075858204962044
-0.622459329053742
-0.970687701054856
-0.998497446789152
-0.999897618081472
-0.999443494722660
-0.989012871807408
-0.817574466496287
-0.182425514109002
-0.010986757068594
-0.000549051996507
0.000047310536298
0.001499811296434
0.029312162433086
0.377540664149725
0.924141794699576
0.995929357928271
0.999786443030524
0.999786443030524
0.995929357928271
0.924141794699576
0.377540664149725
0.029312162433086
0.001499811296434
0.000047310536298
-0.000549051996507
-0.010986757068594
-0.182425514109000
-0.817574466496290
-0.989012871807408
-0.999443494722660
-0.999897618081472
-0.998497446789152
-0.970687701054856
-0.622459329053738
-0.075858204962045
-0.004070642054880
-0.000213556968596
