1.000000000000000
1.000000000000000
0.999999999999992
0.999999999999846
0.999999999996901
0.999999999937759
0.999999998749847
0.999999974890009
0.999999495652592
0.999989870009019
0.999796573021945
0.995929862284104
0.924141819978757
0.377540668798153
0.029312230751357
0.001501182256737
0.000074846227511
0.000003726639284
0.000000185539102
0.000000009237450
0.000000000459906
0.000000000022897
0.000000000001140
0.000000000000057
0.000000000000003
0.000000000000000
0.000000000000000
0.000000000000000
0.000000000000000
0.000000000000000
0.000000000000000
0.000000000000000
0.000000000000000
0.000000000000000
0.000000000000000
0.000000000000000
0.000000000000000
0.000000000000000
0.000000000000000
0.000000000000000
0.000000000000000
0.000000000000000
0.000000000000000
0.000000000000000
0.000000000000000
0.000000000000000
0.000000000000000
0.000000000000000
0.000000000000000
0.000000000000000
0.000000000000000
0.000000000000000
0.000000000000000
0.000000000000000
0.000000000000000
0.000000000000003
0.000000000000057
0.000000000001140
0.000000000022897
0.000000000459906
0.000000009237450
0.000000185539102
0.000003726639284
0.000074846227511
0.001501182256737
0.029312230751356
0.377540668798149
0.924141819978756
0.995929862284104
0.999796573021945
0.999989870009019
0.999999495652592
0.999999974890009
0.999999998749847
0.999999999937759
0.999999999996901
0.999999999999846
0.999999999999992
1.000000000000000
1.000000000000000
