-0.999786443030964
-0.995929357936696
-0.924141794868765
-0.377540667547996
-0.029312230689115
-0.001501182253638
-0.000074846227356
-0.000003726639277
-0.000000185539101
-0.000000009237450
-0.000000000459906
-0.000000000022897
-0.000000000001140
-0.000000000000057
-0.000000000000003
-0.000000000000000
0.000000000000000
0.000000000000000
0.000000000000000
0.000000000000000
0.000000000000000
0.000000000000000
0.000000000000000
0.000000000000000
0.000000000000000
0.000000000000003
0.000000000000057
0.000000000001140
0.000000000022897
0.000000000459906
0.000000009237450
0.000000185539101
0.000003726639277
0.000074846227356
0.001501182253638
0.029312230689115
0.377540667547994
0.924141794868765
0.995929357936696
0.999786443030964
0.999786443030964
0.995929357936696
0.924141794868765
0.377540667547994
0.029312230689115
0.001501182253638
0.000074846227356
0.000003726639277
0.000000185539101
0.000000009237450
0.000000000459906
0.000000000022897
0.000000000001140
0.000000000000057
0.000000000000003
0.000000000000000
0.000000000000000
0.000000000000000
0.000000000000000
0.000000000000000
0.000000000000000
0.000000000000000
0.000000000000000
0.000000000000000
-0.000000000000000
-0.000000000000003
-0.000000000000057
-0.000000000001140
-0.000000000022897
-0.000000000459906
-0.000000009237450
-0.000000185539101
-0.000003726639277
-0.000074846227356
-0.001501182253638
-0.029312230689115
-0.377540667547996
-0.924141794868765
-0.995929357936696
-0.999786443030964
