1.999999999997484
1.999999999949459
1.999999998984861
1.999999979610393
1.999999590463825
1.999991774256759
1.999834785853313
1.996683328178458
1.934078344216441
0.905446857161862
-2.905446857161862
-3.934078344216441
-3.996683328178459
-3.999834785853313
-3.999991774256759
-3.999999590463826
-3.999999979610393
-3.999999998984861
-3.999999999949452
-3.999999999997358
-3.999999999997358
-3.999999999949452
-3.999999998984861
-3.999999979610393
-3.999999590463826
-3.999991774256759
-3.999834785853313
-3.996683328178459
-3.934078344216440
-2.905446857161870
0.905446857161870
1.934078344216440
1.996683328178458
1.999834785853313
1.999991774256759
1.999999590463825
1.999999979610393
1.999999998984861
1.999999999949459
1.999999999997484
