-0.784295404457620
-0.988892344461039
-0.999446915798855
-0.999972463550671
-0.999998629040914
-0.999999931743966
-0.999999996601732
-0.999999999830810
-0.999999999991575
-0.999999999999560
-0.999999999999560
-0.999999999991575
-0.999999999830810
-0.999999996601732
-0.999999931743966
-0.999998629040914
-0.999972463550671
-0.999446915798855
-0.988892344461039
-0.784295404457622
0.486002500316957
0.967159885016588
0.998341969653451
0.999917393684871
0.999995887130259
0.999999795231918
0.999999989805196
0.999999999492431
0.999999999974728
0.999999999998721
0.999999999998721
0.999999999974728
0.999999999492431
0.999999989805196
0.999999795231918
0.999995887130259
0.999917393684871
0.998341969653451
0.967159885016588
0.486002500316958
