1.000000000000000
1.000000000000000
1.000000000000000
1.000000000000000
1.000000000000000
1.000000000000000
1.000000000000000
1.000000000000000
0.999999999999999
0.999999999999979
0.999999999999581
0.999999999991577
0.999999999830810
0.999999996601732
0.999999931743971
0.999998629042793
0.999972464308885
0.999447221363076
0.989013057369407
0.817574476193645
0.182425523806355
0.010986942630593
0.000552778636924
0.000027535691115
0.000001370957207
0.000000068256029
0.000000003398268
0.000000000169190
0.000000000008423
0.000000000000419
0.000000000000021
0.000000000000001
0.000000000000000
0.000000000000000
0.000000000000000
0.000000000000000
0.000000000000000
0.000000000000000
0.000000000000000
0.000000000000000
0.000000000000000
0.000000000000000
0.000000000000000
0.000000000000000
0.000000000000000
0.000000000000000
0.000000000000000
0.000000000000000
0.000000000000001
0.000000000000021
0.000000000000419
0.000000000008423
0.000000000169190
0.000000003398268
0.000000068256029
0.000001370957207
0.000027535691115
0.000552778636924
0.010986942630593
0.182425523806355
0.817574476193645
0.989013057369407
0.999447221363076
0.999972464308885
0.999998629042793
0.999999931743971
0.999999996601732
0.999999999830810
0.999999999991577
0.999999999999581
0.999999999999979
0.999999999999999
1.000000000000000
1.000000000000000
1.000000000000000
1.000000000000000
1.000000000000000
1.000000000000000
1.000000000000000
1.000000000000000
