2.000000000000000
2.000000000000000
2.000000000000000
1.999999999999996
1.999999999999917
1.999999999998322
1.999999999966306
1.999999999323241
1.999999986406928
1.999999726975884
1.999994516171173
1.999889857235542
1.997788885452306
1.956052229477631
1.270297904774658
-1.270297904772897
-1.956052229443933
-1.997788884775547
-1.999889843642470
-1.999994243147056
-1.999994243147056
-1.999889843642470
-1.997788884775547
-1.956052229443933
-1.270297904772897
1.270297904774653
1.956052229477632
1.997788885452306
1.999889857235542
1.999994516171173
1.999999726975884
1.999999986406928
1.999999999323241
1.999999999966306
1.999999999998322
1.999999999999917
1.999999999999996
2.000000000000000
2.000000000000000
2.000000000000000
