5.999999999994967
5.999999999898918
5.999999997969724
5.999999959220785
5.999999180927651
5.999983548513518
5.999669571706626
5.993366656356917
5.868156688432881
3.810893714323724
-3.810893714323724
-5.868156688432881
-5.993366656356917
-5.999669571706626
-5.999983548513518
-5.999999180927652
-5.999999959220785
-5.999999997969724
-5.999999999898904
-5.999999999994717
-5.999999999994717
-5.999999999898904
-5.999999997969724
-5.999999959220785
-5.999999180927652
-5.999983548513518
-5.999669571706626
-5.993366656356917
-5.868156688432880
-3.810893714323740
3.810893714323739
5.868156688432880
5.993366656356917
5.999669571706626
5.999983548513518
5.999999180927651
5.999999959220785
5.999999997969724
5.999999999898918
5.999999999994967
