0.000001302701178
0.000027532292847
0.000552778467734
0.010986942622170
0.182425523805937
0.817574476193623
0.989013057369406
0.999447221363076
0.999972464308883
0.999998629042751
0.999999931743132
0.999999996584885
0.999999999492431
0.999999993195041
0.999999863487522
0.999997258085565
0.999944928617770
0.998894442726153
0.978026114738814
0.635148952387287
-0.635148952387287
-0.978026114738814
-0.998894442726153
-0.999944928617770
-0.999997258085565
-0.999999863487522
-0.999999993195041
-0.999999999492431
-0.999999996584885
-0.999999931743132
-0.999998629042751
-0.999972464308883
-0.999447221363076
-0.989013057369406
-0.817574476193620
-0.182425523805937
-0.010986942622170
-0.000552778467734
-0.000027532292847
-0.000001302701178
