5.999999999995805
5.999999999915765
5.999999998308103
5.999999966017321
5.999999317439710
5.999986290427931
5.999724643088855
5.994472213630765
5.890130573694067
4.175744761936437
-2.175744761936437
-3.890130573694068
-3.994472213630764
-3.999724643088854
-3.999986290427931
-3.999999317439709
-3.999999966017321
-3.999999998308102
-3.999999999915754
-3.999999999995597
-3.999999999995597
-3.999999999915754
-3.999999998308102
-3.999999966017321
-3.999999317439709
-3.999986290427931
-3.999724643088854
-3.994472213630764
-3.890130573694067
-2.175744761936450
4.175744761936450
5.890130573694067
5.994472213630765
5.999724643088855
5.999986290427931
5.999999317439710
5.999999966017321
5.999999998308103
5.999999999915765
5.999999999995805
