0.182425533043385
0.010987128161272
0.000556505107018
0.000102378520357
0.001502484957915
0.029310928050178
0.377513136505302
0.923589041511022
0.984942919661934
0.817371049216009
0.182415393815794
0.010986438291609
0.000552753696122
0.000027537839230
0.000001439150995
0.000001439210137
0.000027539089228
0.000552778806106
0.010986942639016
0.182425523806776
0.817574476193665
0.989013057369408
0.999447221363077
0.999972464308885
0.999998629042793
0.999999931743971
0.999999996601732
0.999999999830810
0.999999999991575
0.999999999999560
0.999999999999560
0.999999999991575
0.999999999830810
0.999999996601732
0.999999931743971
0.999998629042796
0.999972464308942
0.999447221364216
0.989013057392303
0.817574476653530
