0.634945525409654
0.973955977031341
0.923036262874098
0.377485600814185
0.029309557092971
0.001502416701886
0.000102375122089
0.000556504937828
0.010987128152847
0.182425533042948
0.817574476652688
0.989013057375456
0.999447221025837
0.999972457512406
0.999998492530738
0.999997189829557
0.999944925219503
0.998894442556963
0.978026114730390
0.635148952386867
-0.635148952387307
-0.978026114738815
-0.998894442726153
-0.999944928617771
-0.999997258085586
-0.999999863487942
-0.999999993203464
-0.999999999661620
-0.999999999983151
-0.999999999999119
-0.999999999999119
-0.999999999983151
-0.999999999661628
-0.999999993203619
-0.999999863491041
-0.999997258147828
-0.999944929867924
-0.998894467836144
-0.978026619086221
-0.635159082378250
