-1.999991501240731
-1.999834775293660
-1.996684549759146
-1.934561195816775
-1.038563144104730
0.231734760669161
0.021491033644191
0.001104335354967
0.000055075145533
0.000002878418579
0.000002878426079
0.000055078178391
0.001105557611853
0.021973885277663
0.364851047613240
1.635148952386572
1.978026114722150
1.998894442387960
1.999944921821422
1.999997121573715
1.999997121573715
1.999944921821422
1.998894442387960
1.978026114722149
1.635148952386567
0.364851047612555
0.021973885261001
0.001105557273660
0.000055071382042
0.000002741914217
0.000000136508112
0.000000005279920
-0.000000610790250
-0.000241425800072
-0.066558143471311
-1.336856048244525
-1.956293655244376
-1.997789495566171
-1.999889838362924
-1.999994106639337
