0.000000000000000
0.000000000000001
0.000000000000015
0.000000000000309
0.000000000006198
0.000000000124483
0.000000002500306
0.000000050219982
0.000001008694817
0.000020259981962
0.000406853956110
0.008140275431792
0.151716360042490
1.244918662403711
1.941375538497288
1.996997635486520
1.999850307544865
1.999992546719152
1.999999628876002
1.999999980605290
1.999999980605290
1.999999628876002
1.999992546719152
1.999850307544865
1.996997635486520
1.941375538497288
1.244918662403707
0.151716360042489
0.008140275431792
0.000406853956110
0.000020259981962
0.000001008694817
0.000000050219982
0.000000002500306
0.000000000124483
0.000000000006198
0.000000000000309
0.000000000000015
0.000000000000001
0.000000000000000
0.000000000000000
0.000000000000002
0.000000000000031
0.000000000000617
0.000000000012395
0.000000000248966
0.000000005000611
0.000000100439963
0.000002017389124
0.000040519758690
0.000813625147150
0.016247418821532
0.291923793132706
1.714926086806896
1.998281586256758
1.999995492903658
1.999999988795971
1.999999999969944
1.999999999954136
1.999999999080189
1.999999981525101
1.999999628921796
1.999992546721432
1.999850307544979
1.996997635486526
1.941375538497288
1.244918662403711
0.151716360042490
0.008140275431792
0.000406853956110
0.000020259981962
0.000001008694817
0.000000050219982
0.000000002500306
0.000000000124483
0.000000000006198
0.000000000000309
0.000000000000015
0.000000000000001
0.000000000000000
