40
0.000000000000000
0.000000000000000
0.000000000000000
0.000000000000001
0.000000000000021
0.000000000000419
0.000000000008423
0.000000000169190
0.000000003398266
0.000000068255987
0.000001370956368
0.000027535674268
0.000552778298544
0.010986935834059
0.182425387294319
0.817571734279649
0.988957985995601
0.998341664258419
0.977998582445967
0.635147649686109
-0.635147649686109
-0.977998582445967
-0.998341664258419
-0.988957985995601
-0.817571734279649
-0.182425387294320
-0.010986935834058
-0.000552778298544
-0.000027535674268
-0.000001370956368
-0.000000068255987
-0.000000003398266
-0.000000000169190
-0.000000000008423
-0.000000000000419
-0.000000000000021
-0.000000000000001
-0.000000000000000
0.000000000000000
0.000000000000000
