32
0.999999999822387
0.999999996601313
0.999999931743950
0.999998629042792
0.999972464308885
0.999447221363076
0.989013057369407
0.817574476193643
0.182425523806357
0.010986942630593
0.000552778636924
0.000027535691115
0.000001370957207
0.000000068256029
0.000000003398268
0.000000000169190
0.000000000169190
0.000000003398268
0.000000068256029
0.000001370957207
0.000027535691115
0.000552778636924
0.010986942630593
0.182425523806357
0.817574476193643
0.989013057369407
0.999447221363076
0.999972464308885
0.999998629042792
0.999999931743950
0.999999996601313
0.999999999822387
