0.000427113938072
0.008141284126609
0.151716410262469
1.244918664904008
1.941375538621770
1.996997635492724
1.999850307545287
1.999992546721447
1.999999628921797
1.999999981525101
1.999999999080189
1.999999999954205
1.999999999997720
1.999999999999887
1.999999999999994
2.000000000000000
2.000000000000000
2.000000000000000
2.000000000000000
2.000000000000000
2.000000000000000
2.000000000000000
2.000000000000000
2.000000000000000
2.000000000000000
1.999999999999994
1.999999999999887
1.999999999997720
1.999999999954205
1.999999999080189
1.999999981525101
1.999999628921797
1.999992546721447
1.999850307545287
1.996997635492733
1.941375538625420
1.244918665847978
0.151716456672854
0.008142288715390
0.000447369593373
0.000833881007685
0.016248423410821
0.291923839543091
1.714926087750862
1.998281586260407
1.999995492903673
1.999999988796084
1.999999999972224
1.999999999999931
2.000000000000000
2.000000000000000
2.000000000000000
2.000000000000000
2.000000000000000
2.000000000000000
2.000000000000000
2.000000000000000
2.000000000000000
2.000000000000000
2.000000000000000
2.000000000000000
2.000000000000000
2.000000000000000
2.000000000000000
2.000000000000000
1.999999999999994
1.999999999999887
1.999999999997720
1.999999999954205
1.999999999080189
1.999999981525101
1.999999628921797
1.999992546721447
1.999850307545287
1.996997635492724
1.941375538621770
1.244918664904008
0.151716410262469
0.008141284126609
0.000427113938072
