32
-0.999999999653197
-0.999999993203045
-0.999999863487921
-0.999997258085585
-0.999944928617771
-0.998894442726153
-0.978026114738814
-0.635148952387287
0.635148952387287
0.978026114738814
0.998894442726153
0.999944928617771
0.999997258085585
0.999999863487921
0.999999993203045
0.999999999653197
0.999999999653197
0.999999993203045
0.999999863487921
0.999997258085585
0.999944928617771
0.998894442726153
0.978026114738814
0.635148952387286
-0.635148952387286
-0.978026114738814
-0.998894442726153
-0.999944928617771
-0.999997258085585
-0.999999863487921
-0.999999993203045
-0.999999999653197
