40
0.000833881007685
0.016248423410821
0.291923839543092
1.714926087750863
1.998281586260407
1.999995492903673
1.999999988796084
1.999999999972224
1.999999999999931
2.000000000000000
2.000000000000000
1.999999999999931
1.999999999972224
1.999999988796084
1.999995492903673
1.998281586260514
1.714926088107249
0.291923882432866
0.016249423910788
0.000854132542439
0.000854132542439
0.016249423910788
0.291923882432866
1.714926088107251
1.998281586260514
1.999995492903667
1.999999988795971
1.999999999969944
1.999999999954136
1.999999999080189
1.999999981525101
1.999999628921797
1.999992546721447
1.999850307545287
1.996997635492733
1.941375538625420
1.244918665847979
0.151716456672855
0.008142288715390
0.000447369593373
