40
-1.999999999998322
-1.999999999966306
-1.999999999323241
-1.999999986406928
-1.999999726975884
-1.999994516171173
-1.999889857235542
-1.997788885452306
-1.956052229477627
-1.270297904774575
1.270297904774575
1.956052229477627
1.997788885452306
1.999889857235542
1.999994516171173
1.999999726975884
1.999999986406928
1.999999999323241
1.999999999966302
1.999999999998239
1.999999999998239
1.999999999966302
1.999999999323241
1.999999986406928
1.999999726975884
1.999994516171173
1.999889857235542
1.997788885452306
1.956052229477627
1.270297904774580
-1.270297904774580
-1.956052229477627
-1.997788885452306
-1.999889857235542
-1.999994516171173
-1.999999726975884
-1.999999986406928
-1.999999999323241
-1.999999999966306
-1.999999999998322
