0.000000000000881
0.000000000016849
0.000000000338380
0.000000006796536
0.000000136512058
0.000002741914414
0.000055071382229
0.001105557273847
0.021973885261187
0.364851047612710
1.635148952387290
1.978026114738813
1.998894442726153
1.999944928617771
1.999997258085586
1.999999863487942
1.999999993203464
1.999999999661620
1.999999999983151
1.999999999999119
1.999999999999119
1.999999999983151
1.999999999661620
1.999999993203464
1.999999863487942
1.999997258085586
1.999944928617771
1.998894442726153
1.978026114738813
1.635148952387290
0.364851047612710
0.021973885261187
0.001105557273847
0.000055071382229
0.000002741914414
0.000000136512058
0.000000006796536
0.000000000338380
0.000000000016851
0.000000000000922
0.000000000001719
0.000000000033696
0.000000000676759
0.000000013593071
0.000000273024107
0.000005483825068
0.000110141248030
0.002210503419252
0.043706344705637
0.663143951753374
1.933441856527954
1.999758574183264
1.999999388871557
1.999999998483571
1.999999999996241
1.999999999999991
2.000000000000000
2.000000000000000
1.999999999999998
1.999999999999958
1.999999999999161
1.999999999983153
1.999999999661620
1.999999993203464
1.999999863487942
1.999997258085586
1.999944928617771
1.998894442726153
1.978026114738813
1.635148952387290
0.364851047612710
0.021973885261187
0.001105557273847
0.000055071382229
0.000002741914414
0.000000136512058
0.000000006796536
0.000000000338380
0.000000000016849
0.000000000000881
