-1.000000000000000
-1.000000000000000
-1.000000000000000
-1.000000000000000
-1.000000000000000
-0.999999999999997
-0.999999999999943
-0.999999999998860
-0.999999999977103
-0.999999999540094
-0.999999990762550
-0.999999814460898
-0.999996273360708
-0.999925153772335
-0.998498817740164
-0.970687769186403
-0.622459329951702
-0.075858154911254
-0.004069633368488
-0.000193296987074
0.000193296987074
0.004069633368488
0.075858154911253
0.622459329951702
0.970687769186402
0.998498817740164
0.999925153772335
0.999996273360708
0.999999814460898
0.999999990762550
0.999999999540094
0.999999999977103
0.999999999998860
0.999999999999943
0.999999999999997
1.000000000000000
1.000000000000000
1.000000000000000
1.000000000000000
1.000000000000000
1.000000000000000
1.000000000000000
1.000000000000000
1.000000000000000
1.000000000000000
0.999999999999997
0.999999999999943
0.999999999998860
0.999999999977103
0.999999999540094
0.999999990762550
0.999999814460898
0.999996273360708
0.999925153772335
0.998498817740164
0.970687769186403
0.622459329951700
0.075858154911253
0.004069633368488
0.000193296987074
-0.000193296987074
-0.004069633368488
-0.075858154911253
-0.622459329951700
-0.970687769186403
-0.998498817740164
-0.999925153772335
-0.999996273360708
-0.999999814460898
-0.999999990762550
-0.999999999540094
-0.999999999977103
-0.999999999998860
-0.999999999999943
-0.999999999999997
-1.000000000000000
-1.000000000000000
-1.000000000000000
-1.000000000000000
-1.000000000000000
