40
-0.999786443030964
-0.995929357936696
-0.924141794868765
-0.377540667547994
-0.029312230689114
-0.001501182253635
-0.000074846227300
-0.000003726638137
-0.000000185516204
-0.000000008777544
0.000000008777544
0.000000185516204
0.000003726638137
0.000074846227300
0.001501182253635
0.029312230689115
0.377540667547992
0.924141794868766
0.995929357936696
0.999786443030964
0.999786443030964
0.995929357936696
0.924141794868766
0.377540667547992
0.029312230689115
0.001501182253635
0.000074846227300
0.000003726638137
0.000000185516204
0.000000008777544
-0.000000008777544
-0.000000185516204
-0.000003726638137
-0.000074846227300
-0.001501182253635
-0.029312230689114
-0.377540667547994
-0.924141794868765
-0.995929357936696
-0.999786443030964
