1.000000000000000
1.000000000000000
1.000000000000000
1.000000000000000
1.000000000000000
1.000000000000000
1.000000000000000
1.000000000000000
1.000000000000000
1.000000000000000
1.000000000000000
1.000000000000000
1.000000000000000
1.000000000000000
1.000000000000000
1.000000000000000
1.000000000000000
1.000000000000000
1.000000000000000
1.000000000000000
1.000000000000000
1.000000000000000
1.000000000000000
1.000000000000000
1.000000000000000
0.999999999999997
0.999999999999943
0.999999999998860
0.999999999977103
0.999999999540094
0.999999990762550
0.999999814460898
0.999996273360716
0.999925153772489
0.998498817743263
0.970687769248644
0.622459331201855
0.075858180021245
0.004070137715896
0.000203426978055
0.000203426978055
0.004070137715896
0.075858180021244
0.622459331201853
0.970687769248644
0.998498817743263
0.999925153772489
0.999996273360716
0.999999814460898
0.999999990762550
0.999999999540094
0.999999999977103
0.999999999998860
0.999999999999943
0.999999999999997
1.000000000000000
1.000000000000000
1.000000000000000
1.000000000000000
1.000000000000000
1.000000000000000
1.000000000000000
1.000000000000000
1.000000000000000
1.000000000000000
1.000000000000000
1.000000000000000
1.000000000000000
1.000000000000000
1.000000000000000
1.000000000000000
1.000000000000000
1.000000000000000
1.000000000000000
1.000000000000000
1.000000000000000
1.000000000000000
1.000000000000000
1.000000000000000
1.000000000000000
